
% Color
ClassicBlue = [29,78,137]./255;
Marsala = [149,82,81]./255;
TreeTop = [78,110,56]./255;
Tangerine = [247,146,86]./255;
Freesia = [255,219,0]./255;
Cayenne = [240,66,112]./255;

